171143135180075107084140069103099022006162222232101069255002007195239050198213163212254180158252
249090091119060010120205095180086192250232229063169132170235043060035082094205235186142032175039
115208234025113180022161039244086084174032228194124069243225233147173035132072108233232082229229204001171213021163046055044054117242221093252157
031234151159103121141005252050246034017226237159120195251123207042058202097000090025093024032124
102035220005034151213093237019246128102098119045143224103081004218152093079075107051251203200006
116166148101084221172026164100144048047068052014216174150006197071103122106105015023131251182004
231095017116150140242176044026142211158187127090144114198020097218208078200171218055218162082090
195062058149044042009020138085176042147238199122108109084069025161058068178219049000028040041224
155190108158223125109055174157174177134042082086085019020107002006159080185107006119107237105138
119218206013061160137194078203192108022118161245192248028135166009247098020180053041031192210206
114217032040032168149248160090242058252224080005146133206159055199248136037148214120153125132192
130079070113180073179154248043089081114213210046002081090182244153132143240063120204111143162004056105085109172012158148104211223109059208056093
183194221055099093037070026205080217201116253185
167249225234080001213099101114221177009139027205029221132209148143150142023226220020082077203097
008175249227201188025232055094003016134095173183215220025200179107115005144091146034001170065069
022205050130029255153087027034117001036030041234225161031124210242048134182102120224114097157015
074055117081252155095077105111077232120114171047013239141040043178040038073147011217082126250116
033228085133026239111106226134154214118109053210197064221118202198155139164050147236255032135051
026135210044218187024227081242158019125192209155254157100188022183026143202037161252086013055220